  2.000000000000000E-003  2.000000000000000E-003  -1.99886335612973     
  2.000000000000000E-003  0.302332916666667       -1.98748695494136     
  2.000000000000000E-003  0.602665833333333       -1.67561408773118     
  2.000000000000000E-003  0.902998750000000       -1.26846954960554     
  2.000000000000000E-003   1.20333166666667      -0.945556412296766     
  2.000000000000000E-003   1.50366458333333      -0.715758660216984     
  2.000000000000000E-003   1.80399750000000      -0.555843786569236     
  2.000000000000000E-003   2.10433041666667      -0.445621114010703     
  2.000000000000000E-003   2.40466333333333      -0.369018163155341     
  2.000000000000000E-003   2.70499625000000      -0.315731374565891     
  2.000000000000000E-003   3.00532916666667      -0.277955326348193     
  2.000000000000000E-003   3.30566208333333      -0.245460699258077     
  2.000000000000000E-003   3.60599500000000      -0.218656090708897     
  2.000000000000000E-003   3.90632791666667      -0.190204594171284     
  2.000000000000000E-003   4.20666083333333      -0.168044977609691     
  2.000000000000000E-003   4.50699375000000      -0.152262085380354     
  2.000000000000000E-003   4.80732666666667      -0.139179441358323     
  2.000000000000000E-003   5.10765958333333      -0.127231234944578     
  2.000000000000000E-003   5.40799250000000      -0.115891219437939     
  2.000000000000000E-003   5.70832541666667      -0.104610072979131     
  2.000000000000000E-003   6.00865833333333      -9.333212656100526E-002
  2.000000000000000E-003   6.30899125000000      -8.245506317700578E-002
  2.000000000000000E-003   6.60932416666667      -7.277384186486266E-002
  2.000000000000000E-003   6.90965708333333      -6.518635996944010E-002
  2.000000000000000E-003   7.20999000000000      -6.072603073947148E-002
  0.302332916666667       2.000000000000000E-003  -1.98747637281391     
  0.302332916666667       0.302332916666667       -1.80053418876216     
  0.302332916666667       0.602665833333333       -1.51070527680335     
  0.302332916666667       0.902998750000000       -1.18139426319474     
  0.302332916666667        1.20333166666667      -0.901967292998342     
  0.302332916666667        1.50366458333333      -0.693144275263940     
  0.302332916666667        1.80399750000000      -0.543712572365862     
  0.302332916666667        2.10433041666667      -0.438955404377612     
  0.302332916666667        2.40466333333333      -0.365223091093219     
  0.302332916666667        2.70499625000000      -0.313119309244755     
  0.302332916666667        3.00532916666667      -0.276020816482412     
  0.302332916666667        3.30566208333333      -0.244745381894803     
  0.302332916666667        3.60599500000000      -0.215216138365636     
  0.302332916666667        3.90632791666667      -0.188617965931288     
  0.302332916666667        4.20666083333333      -0.167546188243756     
  0.302332916666667        4.50699375000000      -0.151839501029777     
  0.302332916666667        4.80732666666667      -0.138748890575568     
  0.302332916666667        5.10765958333333      -0.126888292868468     
  0.302332916666667        5.40799250000000      -0.115690781378512     
  0.302332916666667        5.70832541666667      -0.104651232171295     
  0.302332916666667        6.00865833333333      -9.384430971026056E-002
  0.302332916666667        6.30899125000000      -8.392391717723272E-002
  0.302332916666667        6.60932416666667      -7.605801754291504E-002
  0.302332916666667        6.90965708333333      -6.926097138962277E-002
  0.302332916666667        7.20999000000000      -5.801203394708710E-002
  0.602665833333333       2.000000000000000E-003  -1.67560135328361     
  0.602665833333333       0.302332916666667       -1.51069830310586     
  0.602665833333333       0.602665833333333       -1.24702727642147     
  0.602665833333333       0.902998750000000       -1.00757778969600     
  0.602665833333333        1.20333166666667      -0.801606372462115     
  0.602665833333333        1.50366458333333      -0.636802052577272     
  0.602665833333333        1.80399750000000      -0.511852284848027     
  0.602665833333333        2.10433041666667      -0.420479943337536     
  0.602665833333333        2.40466333333333      -0.354147930955844     
  0.602665833333333        2.70499625000000      -0.305348708505660     
  0.602665833333333        3.00532916666667      -0.269709858964356     
  0.602665833333333        3.30566208333333      -0.240109439934837     
  0.602665833333333        3.60599500000000      -0.212121513688690     
  0.602665833333333        3.90632791666667      -0.186821329409581     
  0.602665833333333        4.20666083333333      -0.166538196249062     
  0.602665833333333        4.50699375000000      -0.150802450069740     
  0.602665833333333        4.80732666666667      -0.137637504946817     
  0.602665833333333        5.10765958333333      -0.125932375150252     
  0.602665833333333        5.40799250000000      -0.115019289916102     
  0.602665833333333        5.70832541666667      -0.104490372734133     
  0.602665833333333        6.00865833333333      -9.450696456799379E-002
  0.602665833333333        6.30899125000000      -8.560734797368239E-002
  0.602665833333333        6.60932416666667      -7.791677540230264E-002
  0.602665833333333        6.90965708333333      -6.886465156530526E-002
  0.602665833333333        7.20999000000000      -5.835617043324548E-002
  0.902998750000000       2.000000000000000E-003  -1.26846346735632     
  0.902998750000000       0.302332916666667       -1.18139015747900     
  0.902998750000000       0.602665833333333       -1.00757682444573     
  0.902998750000000       0.902998750000000      -0.837299921589584     
  0.902998750000000        1.20333166666667      -0.689805725669925     
  0.902998750000000        1.50366458333333      -0.567073984906912     
  0.902998750000000        1.80399750000000      -0.469188130265847     
  0.902998750000000        2.10433041666667      -0.394104610887670     
  0.902998750000000        2.40466333333333      -0.336889893847722     
  0.902998750000000        2.70499625000000      -0.293254070346083     
  0.902998750000000        3.00532916666667      -0.259827091478579     
  0.902998750000000        3.30566208333333      -0.232056032390121     
  0.902998750000000        3.60599500000000      -0.206660950395495     
  0.902998750000000        3.90632791666667      -0.183732538075148     
  0.902998750000000        4.20666083333333      -0.164570371941911     
  0.902998750000000        4.50699375000000      -0.149060404881026     
  0.902998750000000        4.80732666666667      -0.135933949396824     
  0.902998750000000        5.10765958333333      -0.124383624499055     
  0.902998750000000        5.40799250000000      -0.113804296174265     
  0.902998750000000        5.70832541666667      -0.103762530518093     
  0.902998750000000        6.00865833333333      -9.435558053344474E-002
  0.902998750000000        6.30899125000000      -8.575128709464470E-002
  0.902998750000000        6.60932416666667      -7.757972602075765E-002
  0.902998750000000        6.90965708333333      -6.888041781518743E-002
  0.902998750000000        7.20999000000000      -6.103510764730471E-002
   1.20333166666667       2.000000000000000E-003 -0.945556289476999     
   1.20333166666667       0.302332916666667      -0.901967577919906     
   1.20333166666667       0.602665833333333      -0.801607310035726     
   1.20333166666667       0.902998750000000      -0.689806567174874     
   1.20333166666667        1.20333166666667      -0.586814904715426     
   1.20333166666667        1.50366458333333      -0.497634676995159     
   1.20333166666667        1.80399750000000      -0.423443055704455     
   1.20333166666667        2.10433041666667      -0.363608579679075     
   1.20333166666667        2.40466333333333      -0.315877905234941     
   1.20333166666667        2.70499625000000      -0.278106521352208     
   1.20333166666667        3.00532916666667      -0.247790916958255     
   1.20333166666667        3.30566208333333      -0.222280695669712     
   1.20333166666667        3.60599500000000      -0.199473303498352     
   1.20333166666667        3.90632791666667      -0.179005834429801     
   1.20333166666667        4.20666083333333      -0.161358513070465     
   1.20333166666667        4.50699375000000      -0.146406779537803     
   1.20333166666667        4.80732666666667      -0.133585821115664     
   1.20333166666667        5.10765958333333      -0.122303511269068     
   1.20333166666667        5.40799250000000      -0.112040209305711     
   1.20333166666667        5.70832541666667      -0.102405165703568     
   1.20333166666667        6.00865833333333      -9.339396589437622E-002
   1.20333166666667        6.30899125000000      -8.504093017574153E-002
   1.20333166666667        6.60932416666667      -7.713773713846089E-002
   1.20333166666667        6.90965708333333      -6.955652779051273E-002
   1.20333166666667        7.20999000000000      -6.307964783578783E-002
   1.50366458333333       2.000000000000000E-003 -0.715762385533708     
   1.50366458333333       0.302332916666667      -0.693147826301223     
   1.50366458333333       0.602665833333333      -0.636805112017696     
   1.50366458333333       0.902998750000000      -0.567076148221574     
   1.50366458333333        1.20333166666667      -0.497635708530859     
   1.50366458333333        1.50366458333333      -0.434284487337192     
   1.50366458333333        1.80399750000000      -0.379082663881777     
   1.50366458333333        2.10433041666667      -0.332261651847473     
   1.50366458333333        2.40466333333333      -0.293470184105690     
   1.50366458333333        2.70499625000000      -0.261569784057218     
   1.50366458333333        3.00532916666667      -0.234936050818943     
   1.50366458333333        3.30566208333333      -0.211946677164798     
   1.50366458333333        3.60599500000000      -0.191468641737099     
   1.50366458333333        3.90632791666667      -0.173115595939602     
   1.50366458333333        4.20666083333333      -0.156931607948582     
   1.50366458333333        4.50699375000000      -0.142864551327229     
   1.50366458333333        4.80732666666667      -0.130607328046271     
   1.50366458333333        5.10765958333333      -0.119718285540321     
   1.50366458333333        5.40799250000000      -0.109785188177052     
   1.50366458333333        5.70832541666667      -0.100533108400798     
   1.50366458333333        6.00865833333333      -9.189270450516700E-002
   1.50366458333333        6.30899125000000      -8.391322691836658E-002
   1.50366458333333        6.60932416666667      -7.654418014785086E-002
   1.50366458333333        6.90965708333333      -6.980071708437541E-002
   1.50366458333333        7.20999000000000      -6.395820074301131E-002
   1.80399750000000       2.000000000000000E-003 -0.555849735081750     
   1.80399750000000       0.302332916666667      -0.543718129123781     
   1.80399750000000       0.602665833333333      -0.511856831545350     
   1.80399750000000       0.902998750000000      -0.469191303190731     
   1.80399750000000        1.20333166666667      -0.423444799893308     
   1.80399750000000        1.50366458333333      -0.379083273402911     
   1.80399750000000        1.80399750000000      -0.338274983078642     
   1.80399750000000        2.10433041666667      -0.302272499037410     
   1.80399750000000        2.40466333333333      -0.271296659702520     
   1.80399750000000        2.70499625000000      -0.244787409872905     
   1.80399750000000        3.00532916666667      -0.221802771348422     
   1.80399750000000        3.30566208333333      -0.201426027211797     
   1.80399750000000        3.60599500000000      -0.183059362080948     
   1.80399750000000        3.90632791666667      -0.166489301799080     
   1.80399750000000        4.20666083333333      -0.151704215456199     
   1.80399750000000        4.50699375000000      -0.138640308946521     
   1.80399750000000        4.80732666666667      -0.127069758762612     
   1.80399750000000        5.10765958333333      -0.116662430173891     
   1.80399750000000        5.40799250000000      -0.107116423820146     
   1.80399750000000        5.70832541666667      -9.824887764304666E-002
   1.80399750000000        6.00865833333333      -9.000162227914577E-002
   1.80399750000000        6.30899125000000      -8.241282161372475E-002
   1.80399750000000        6.60932416666667      -7.550390846293818E-002
   1.80399750000000        6.90965708333333      -6.927560589808569E-002
   1.80399750000000        7.20999000000000      -6.379074129472975E-002
   2.10433041666667       2.000000000000000E-003 -0.445628134281851     
   2.10433041666667       0.302332916666667      -0.438961882530737     
   2.10433041666667       0.602665833333333      -0.420485107298831     
   2.10433041666667       0.902998750000000      -0.394108052831117     
   2.10433041666667        1.20333166666667      -0.363610477150614     
   2.10433041666667        1.50366458333333      -0.332262473996051     
   2.10433041666667        1.80399750000000      -0.302272740846549     
   2.10433041666667        2.10433041666667      -0.274819246325658     
   2.10433041666667        2.40466333333333      -0.250244561497477     
   2.10433041666667        2.70499625000000      -0.228332194901282     
   2.10433041666667        3.00532916666667      -0.208623054456721     
   2.10433041666667        3.30566208333333      -0.190691187037333     
   2.10433041666667        3.60599500000000      -0.174295957676198     
   2.10433041666667        3.90632791666667      -0.159376543939213     
   2.10433041666667        4.20666083333333      -0.145931191420895     
   2.10433041666667        4.50699375000000      -0.133886535189553     
   2.10433041666667        4.80732666666667      -0.123054654028365     
   2.10433041666667        5.10765958333333      -0.113191744621693     
   2.10433041666667        5.40799250000000      -0.104092715751547     
   2.10433041666667        5.70832541666667      -9.564567175564537E-002
   2.10433041666667        6.00865833333333      -8.781708329232177E-002
   2.10433041666667        6.30899125000000      -8.060064889025549E-002
   2.10433041666667        6.60932416666667      -7.399571180763331E-002
   2.10433041666667        6.90965708333333      -6.805050420139304E-002
   2.10433041666667        7.20999000000000      -6.280447041013118E-002
   2.40466333333333       2.000000000000000E-003 -0.369025469819348     
   2.40466333333333       0.302332916666667      -0.365229723712268     
   2.40466333333333       0.602665833333333      -0.354153020259031     
   2.40466333333333       0.902998750000000      -0.336893246343263     
   2.40466333333333        1.20333166666667      -0.315879792058065     
   2.40466333333333        1.50366458333333      -0.293471076931500     
   2.40466333333333        1.80399750000000      -0.271297020349491     
   2.40466333333333        2.10433041666667      -0.250244694704021     
   2.40466333333333        2.40466333333333      -0.230634261415270     
   2.40466333333333        2.70499625000000      -0.212447451010952     
   2.40466333333333        3.00532916666667      -0.195547064650776     
   2.40466333333333        3.30566208333333      -0.179830182242455     
   2.40466333333333        3.60599500000000      -0.165278521998437     
   2.40466333333333        3.90632791666667      -0.151921268036038     
   2.40466333333333        4.20666083333333      -0.139761201542871     
   2.40466333333333        4.50699375000000      -0.128721617967708     
   2.40466333333333        4.80732666666667      -0.118652305102281     
   2.40466333333333        5.10765958333333      -0.109386156501366     
   2.40466333333333        5.40799250000000      -0.100799429302705     
   2.40466333333333        5.70832541666667      -9.283022581975871E-002
   2.40466333333333        6.00865833333333      -8.544514766022067E-002
   2.40466333333333        6.30899125000000      -7.858896192270873E-002
   2.40466333333333        6.60932416666667      -7.219124115452485E-002
   2.40466333333333        6.90965708333333      -6.630937481213339E-002
   2.40466333333333        7.20999000000000      -6.124030520830216E-002
   2.70499625000000       2.000000000000000E-003 -0.315739130652546     
   2.70499625000000       0.302332916666667      -0.313126180987741     
   2.70499625000000       0.602665833333333      -0.305353841808549     
   2.70499625000000       0.902998750000000      -0.293257386104052     
   2.70499625000000        1.20333166666667      -0.278108433640818     
   2.70499625000000        1.50366458333333      -0.261570817828339     
   2.70499625000000        1.80399750000000      -0.244787980241200     
   2.70499625000000        2.10433041666667      -0.228332550368270     
   2.70499625000000        2.40466333333333      -0.212447659020731     
   2.70499625000000        2.70499625000000      -0.197220409856309     
   2.70499625000000        3.00532916666667      -0.182706747495994     
   2.70499625000000        3.30566208333333      -0.168987100112575     
   2.70499625000000        3.60599500000000      -0.156154612022468     
   2.70499625000000        3.90632791666667      -0.144270509429758     
   2.70499625000000        4.20666083333333      -0.133330613746456     
   2.70499625000000        4.50699375000000      -0.123264011841333     
   2.70499625000000        4.80732666666667      -0.113965157292569     
   2.70499625000000        5.10765958333333      -0.105339103939690     
   2.70499625000000        5.40799250000000      -9.732962396256863E-002
   2.70499625000000        5.70832541666667      -8.990971311952090E-002
   2.70499625000000        6.00865833333333      -8.303060152246144E-002
   2.70499625000000        6.30899125000000      -7.653774859468061E-002
   2.70499625000000        6.60932416666667      -7.026080250321710E-002
   2.70499625000000        6.90965708333333      -6.441287979746295E-002
   2.70499625000000        7.20999000000000      -5.951567042864883E-002
   3.00532916666667       2.000000000000000E-003 -0.277963320912486     
   3.00532916666667       0.302332916666667      -0.276027580017354     
   3.00532916666667       0.602665833333333      -0.269714671932168     
   3.00532916666667       0.902998750000000      -0.259830309267510     
   3.00532916666667        1.20333166666667      -0.247792978794285     
   3.00532916666667        1.50366458333333      -0.234937418345069     
   3.00532916666667        1.80399750000000      -0.221803757349308     
   3.00532916666667        2.10433041666667      -0.208623817144616     
   3.00532916666667        2.40466333333333      -0.195547626930050     
   3.00532916666667        2.70499625000000      -0.182707056645344     
   3.00532916666667        3.00532916666667      -0.170252066212228     
   3.00532916666667        3.30566208333333      -0.158340313220089     
   3.00532916666667        3.60599500000000      -0.147096797512390     
   3.00532916666667        3.90632791666667      -0.136578932307696     
   3.00532916666667        4.20666083333333      -0.126774555437296     
   3.00532916666667        4.50699375000000      -0.117630919619663     
   3.00532916666667        4.80732666666667      -0.109093607361541     
   3.00532916666667        5.10765958333333      -0.101133324018871     
   3.00532916666667        5.40799250000000      -9.374903551789057E-002
   3.00532916666667        5.70832541666667      -8.694635798525129E-002
   3.00532916666667        6.00865833333333      -8.068658443499499E-002
   3.00532916666667        6.30899125000000      -7.477888368653830E-002
   3.00532916666667        6.60932416666667      -6.891719606701613E-002
   3.00532916666667        6.90965708333333      -6.307711743010934E-002
   3.00532916666667        7.20999000000000      -5.822788565484337E-002
   3.30566208333333       2.000000000000000E-003 -0.245467849621283     
   3.30566208333333       0.302332916666667      -0.244751094435405     
   3.30566208333333       0.602665833333333      -0.240113491513919     
   3.30566208333333       0.902998750000000      -0.232059084239728     
   3.30566208333333        1.20333166666667      -0.222283048888918     
   3.30566208333333        1.50366458333333      -0.211948583191541     
   3.30566208333333        1.80399750000000      -0.201427622985763     
   3.30566208333333        2.10433041666667      -0.190692517088337     
   3.30566208333333        2.40466333333333      -0.179831214789797     
   3.30566208333333        2.70499625000000      -0.168987784791226     
   3.30566208333333        3.00532916666667      -0.158340635868480     
   3.30566208333333        3.30566208333333      -0.148058677689014     
   3.30566208333333        3.60599500000000      -0.138256314771212     
   3.30566208333333        3.90632791666667      -0.128974831265621     
   3.30566208333333        4.20666083333333      -0.120203023121031     
   3.30566208333333        4.50699375000000      -0.111917483238318     
   3.30566208333333        4.80732666666667      -0.104114718603210     
   3.30566208333333        5.10765958333333      -9.681876599475214E-002
   3.30566208333333        5.40799250000000      -9.006975243043290E-002
   3.30566208333333        5.70832541666667      -8.391027387394728E-002
   3.30566208333333        6.00865833333333      -7.838273029206810E-002
   3.30566208333333        6.30899125000000      -7.335221541197365E-002
   3.30566208333333        6.60932416666667      -6.832274171458172E-002
   3.30566208333333        6.90965708333333      -6.280748791978524E-002
   3.30566208333333        7.20999000000000      -5.795974460730734E-002
   3.60599500000000       2.000000000000000E-003 -0.218661536541168     
   3.60599500000000       0.302332916666667      -0.215220814152282     
   3.60599500000000       0.602665833333333      -0.212125159939673     
   3.60599500000000       0.902998750000000      -0.206664143623726     
   3.60599500000000        1.20333166666667      -0.199476131367603     
   3.60599500000000        1.50366458333333      -0.191471198889992     
   3.60599500000000        1.80399750000000      -0.183061636743457     
   3.60599500000000        2.10433041666667      -0.174297895133362     
   3.60599500000000        2.40466333333333      -0.165280042036660     
   3.60599500000000        2.70499625000000      -0.156155665525677     
   3.60599500000000        3.00532916666667      -0.147097405942913     
   3.60599500000000        3.30566208333333      -0.138256564169646     
   3.60599500000000        3.60599500000000      -0.129725264637181     
   3.60599500000000        3.90632791666667      -0.121533943331095     
   3.60599500000000        4.20666083333333      -0.113683647701928     
   3.60599500000000        4.50699375000000      -0.106184529859763     
   3.60599500000000        4.80732666666667      -9.907457033763063E-002
   3.60599500000000        5.10765958333333      -9.241186869281928E-002
   3.60599500000000        5.40799250000000      -8.625760958477323E-002
   3.60599500000000        5.70832541666667      -8.067837292896141E-002
   3.60599500000000        6.00865833333333      -7.579976877051170E-002
   3.60599500000000        6.30899125000000      -7.155461270914962E-002
   3.60599500000000        6.60932416666667      -6.743911233337853E-002
   3.60599500000000        6.90965708333333      -6.269731363038461E-002
   3.60599500000000        7.20999000000000      -5.832266227760286E-002
   3.90632791666667       2.000000000000000E-003 -0.190211073144933     
   3.90632791666667       0.302332916666667      -0.188623464837442     
   3.90632791666667       0.602665833333333      -0.186825613874730     
   3.90632791666667       0.902998750000000      -0.183736277888934     
   3.90632791666667        1.20333166666667      -0.179009211273955     
   3.90632791666667        1.50366458333333      -0.173118726620906     
   3.90632791666667        1.80399750000000      -0.166492132890105     
   3.90632791666667        2.10433041666667      -0.159378965744401     
   3.90632791666667        2.40466333333333      -0.151923170553200     
   3.90632791666667        2.70499625000000      -0.144271846557695     
   3.90632791666667        3.00532916666667      -0.136579751363111     
   3.90632791666667        3.30566208333333      -0.128975251397841     
   3.90632791666667        3.60599500000000      -0.121534101336493     
   3.90632791666667        3.90632791666667      -0.114286882629044     
   3.90632791666667        4.20666083333333      -0.107252948574088     
   3.90632791666667        4.50699375000000      -0.100470672447436     
   3.90632791666667        4.80732666666667      -9.400283649238343E-002
   3.90632791666667        5.10765958333333      -8.791935441074171E-002
   3.90632791666667        5.40799250000000      -8.227931235768705E-002
   3.90632791666667        5.70832541666667      -7.713905319221069E-002
   3.90632791666667        6.00865833333333      -7.260797555525267E-002
   3.90632791666667        6.30899125000000      -6.863910537031552E-002
   3.90632791666667        6.60932416666667      -6.467007531270551E-002
   3.90632791666667        6.90965708333333      -5.980512995718901E-002
   3.90632791666667        7.20999000000000      -5.438841825899791E-002
   4.20666083333333       2.000000000000000E-003 -0.168051142050029     
   4.20666083333333       0.302332916666667      -0.167551897034801     
   4.20666083333333       0.602665833333333      -0.166542962870846     
   4.20666083333333       0.902998750000000      -0.164574458348881     
   4.20666083333333        1.20333166666667      -0.161362172918993     
   4.20666083333333        1.50366458333333      -0.156935002132905     
   4.20666083333333        1.80399750000000      -0.151707296766948     
   4.20666083333333        2.10433041666667      -0.145933829117913     
   4.20666083333333        2.40466333333333      -0.139763274914874     
   4.20666083333333        2.70499625000000      -0.133332081877340     
   4.20666083333333        3.00532916666667      -0.126775480303429     
   4.20666083333333        3.30566208333333      -0.120203539765328     
   4.20666083333333        3.60599500000000      -0.113683904337719     
   4.20666083333333        3.90632791666667      -0.107253053163267     
   4.20666083333333        4.20666083333333      -0.100946047654589     
   4.20666083333333        4.50699375000000      -9.481717684362019E-002
   4.20666083333333        4.80732666666667      -8.893594349016977E-002
   4.20666083333333        5.10765958333333      -8.336629479545576E-002
   4.20666083333333        5.40799250000000      -7.815041578692128E-002
   4.20666083333333        5.70832541666667      -7.331360774572401E-002
   4.20666083333333        6.00865833333333      -6.888290395160077E-002
   4.20666083333333        6.30899125000000      -6.480263999387197E-002
   4.20666083333333        6.60932416666667      -6.059600033253733E-002
   4.20666083333333        6.90965708333333      -5.578023509081325E-002
   4.20666083333333        7.20999000000000      -5.090320082480948E-002
   4.50699375000000       2.000000000000000E-003 -0.152267054619025     
   4.50699375000000       0.302332916666667      -0.151844297710159     
   4.50699375000000       0.602665833333333      -0.150806702024880     
   4.50699375000000       0.902998750000000      -0.149064132040269     
   4.50699375000000        1.20333166666667      -0.146410204805156     
   4.50699375000000        1.50366458333333      -0.142867764751359     
   4.50699375000000        1.80399750000000      -0.138643239726585     
   4.50699375000000        2.10433041666667      -0.133889044373570     
   4.50699375000000        2.40466333333333      -0.128723587766993     
   4.50699375000000        2.70499625000000      -0.123265409921839     
   4.50699375000000        3.00532916666667      -0.117631815605262     
   4.50699375000000        3.30566208333333      -0.111918014730803     
   4.50699375000000        3.60599500000000      -0.106184841424000     
   4.50699375000000        3.90632791666667      -0.100470863122793     
   4.50699375000000        4.20666083333333      -9.481728081194533E-002
   4.50699375000000        4.50699375000000      -8.928101540832668E-002
   4.50699375000000        4.80732666666667      -8.392587290848721E-002
   4.50699375000000        5.10765958333333      -7.880266448937392E-002
   4.50699375000000        5.40799250000000      -7.393655148338792E-002
   4.50699375000000        5.70832541666667      -6.933053121729670E-002
   4.50699375000000        6.00865833333333      -6.496975108587676E-002
   4.50699375000000        6.30899125000000      -6.078421134958537E-002
   4.50699375000000        6.60932416666667      -5.655392181552772E-002
   4.50699375000000        6.90965708333333      -5.215007116769795E-002
   4.50699375000000        7.20999000000000      -4.798042815098353E-002
   4.80732666666667       2.000000000000000E-003 -0.139182705330468     
   4.80732666666667       0.302332916666667      -0.138752109925790     
   4.80732666666667       0.602665833333333      -0.137640522229842     
   4.80732666666667       0.902998750000000      -0.135936796960305     
   4.80732666666667        1.20333166666667      -0.133588569009725     
   4.80732666666667        1.50366458333333      -0.130609962349988     
   4.80732666666667        1.80399750000000      -0.127072174293750     
   4.80732666666667        2.10433041666667      -0.123056709751300     
   4.80732666666667        2.40466333333333      -0.118653895871538     
   4.80732666666667        2.70499625000000      -0.113966266256938     
   4.80732666666667        3.00532916666667      -0.109094314230179     
   4.80732666666667        3.30566208333333      -0.104115161484970     
   4.80732666666667        3.60599500000000      -9.907488392745943E-002
   4.80732666666667        3.90632791666667      -9.400310117517187E-002
   4.80732666666667        4.20666083333333      -8.893616926112469E-002
   4.80732666666667        4.50699375000000      -8.392601705454325E-002
   4.80732666666667        4.80732666666667      -7.902880153970293E-002
   4.80732666666667        5.10765958333333      -7.428624120353486E-002
   4.80732666666667        5.40799250000000      -6.971610991303924E-002
   4.80732666666667        5.70832541666667      -6.531730371118552E-002
   4.80732666666667        6.00865833333333      -6.107775505584206E-002
   4.80732666666667        6.30899125000000      -5.696846138209440E-002
   4.80732666666667        6.60932416666667      -5.293556570017682E-002
   4.80732666666667        6.90965708333333      -4.897884992925537E-002
   4.80732666666667        7.20999000000000      -4.534071290990405E-002
   5.10765958333333       2.000000000000000E-003 -0.127232891727144     
   5.10765958333333       0.302332916666667      -0.126889972095729     
   5.10765958333333       0.602665833333333      -0.125934101340277     
   5.10765958333333       0.902998750000000      -0.124385424343373     
   5.10765958333333        1.20333166666667      -0.122305369148957     
   5.10765958333333        1.50366458333333      -0.119720120680732     
   5.10765958333333        1.80399750000000      -0.116664108929842     
   5.10765958333333        2.10433041666667      -0.113193127536385     
   5.10765958333333        2.40466333333333      -0.109387157274467     
   5.10765958333333        2.70499625000000      -0.105339730402374     
   5.10765958333333        3.00532916666667      -0.101133677814958     
   5.10765958333333        3.30566208333333      -9.681899817589412E-002
   5.10765958333333        3.60599500000000      -9.241211237088238E-002
   5.10765958333333        3.90632791666667      -8.791967020322607E-002
   5.10765958333333        4.20666083333333      -8.336665762751934E-002
   5.10765958333333        4.50699375000000      -7.880299216136184E-002
   5.10765958333333        4.80732666666667      -7.428643991780244E-002
   5.10765958333333        5.10765958333333      -6.986071131505973E-002
   5.10765958333333        5.40799250000000      -6.554616066372013E-002
   5.10765958333333        5.70832541666667      -6.134661085070212E-002
   5.10765958333333        6.00865833333333      -5.726244686118398E-002
   5.10765958333333        6.30899125000000      -5.330036636695681E-002
   5.10765958333333        6.60932416666667      -4.948616466757606E-002
   5.10765958333333        6.90965708333333      -4.590276111110350E-002
   5.10765958333333        7.20999000000000      -4.265264468324606E-002
   5.40799250000000       2.000000000000000E-003 -0.115891703415341     
   5.40799250000000       0.302332916666667      -0.115691291171525     
   5.40799250000000       0.602665833333333      -0.115019955203918     
   5.40799250000000       0.902998750000000      -0.113805151997761     
   5.40799250000000        1.20333166666667      -0.112041201742783     
   5.40799250000000        1.50366458333333      -0.109786214963575     
   5.40799250000000        1.80399750000000      -0.107117329543911     
   5.40799250000000        2.10433041666667      -0.104093359973153     
   5.40799250000000        2.40466333333333      -0.100799743554605     
   5.40799250000000        2.70499625000000      -9.732964519171293E-002
   5.40799250000000        3.00532916666667      -9.374890162190178E-002
   5.40799250000000        3.30566208333333      -9.006965277899605E-002
   5.40799250000000        3.60599500000000      -8.625770271620774E-002
   5.40799250000000        3.90632791666667      -8.227965024677231E-002
   5.40799250000000        4.20666083333333      -7.815092706466994E-002
   5.40799250000000        4.50699375000000      -7.393709327726983E-002
   5.40799250000000        4.80732666666667      -6.971654093907174E-002
   5.40799250000000        5.10765958333333      -6.554638961840951E-002
   5.40799250000000        5.40799250000000      -6.145253301667740E-002
   5.40799250000000        5.70832541666667      -5.743968231422916E-002
   5.40799250000000        6.00865833333333      -5.350855430340222E-002
   5.40799250000000        6.30899125000000      -4.968316588880692E-002
   5.40799250000000        6.60932416666667      -4.603559115725953E-002
   5.40799250000000        6.90965708333333      -4.266072488941239E-002
   5.40799250000000        7.20999000000000      -3.965653280450028E-002
   5.70832541666667       2.000000000000000E-003 -0.104610087539906     
   5.70832541666667       0.302332916666667      -0.104651246874496     
   5.70832541666667       0.602665833333333      -0.104490525837155     
   5.70832541666667       0.902998750000000      -0.103762867024543     
   5.70832541666667        1.20333166666667      -0.102405603073936     
   5.70832541666667        1.50366458333333      -0.100533504574844     
   5.70832541666667        1.80399750000000      -9.824913534833313E-002
   5.70832541666667        2.10433041666667      -9.564566495829453E-002
   5.70832541666667        2.40466333333333      -9.282989029991612E-002
   5.70832541666667        2.70499625000000      -8.990910131302282E-002
   5.70832541666667        3.00532916666667      -8.694564564006275E-002
   5.70832541666667        3.30566208333333      -8.390972582232481E-002
   5.70832541666667        3.60599500000000      -8.067823587122384E-002
   5.70832541666667        3.90632791666667      -7.713940134296061E-002
   5.70832541666667        4.20666083333333      -7.331429654121782E-002
   5.70832541666667        4.50699375000000      -6.933131658787006E-002
   5.70832541666667        4.80732666666667      -6.531797751314830E-002
   5.70832541666667        5.10765958333333      -6.134705761861237E-002
   5.70832541666667        5.40799250000000      -5.743988023814375E-002
   5.70832541666667        5.70832541666667      -5.358531815824130E-002
   5.70832541666667        6.00865833333333      -4.975844944537700E-002
   5.70832541666667        6.30899125000000      -4.598968334151254E-002
   5.70832541666667        6.60932416666667      -4.236224535651715E-002
   5.70832541666667        6.90965708333333      -3.902293184143651E-002
   5.70832541666667        7.20999000000000      -3.615514694180647E-002
   6.00865833333333       2.000000000000000E-003 -9.333257004640039E-002
   6.00865833333333       0.302332916666667      -9.384465280630516E-002
   6.00865833333333       0.602665833333333      -9.450724445266896E-002
   6.00865833333333       0.902998750000000      -9.435587486385014E-002
   6.00865833333333        1.20333166666667      -9.339423785334064E-002
   6.00865833333333        1.50366458333333      -9.189281481702086E-002
   6.00865833333333        1.80399750000000      -9.000146537095484E-002
   6.00865833333333        2.10433041666667      -8.781663091291009E-002
   6.00865833333333        2.40466333333333      -8.544431950430616E-002
   6.00865833333333        2.70499625000000      -8.302941230620799E-002
   6.00865833333333        3.00532916666667      -8.068519837501680E-002
   6.00865833333333        3.30566208333333      -7.838153737710510E-002
   6.00865833333333        3.60599500000000      -7.579929380910669E-002
   6.00865833333333        3.90632791666667      -7.260839632017371E-002
   6.00865833333333        4.20666083333333      -6.888388188625998E-002
   6.00865833333333        4.50699375000000      -6.497083108244489E-002
   6.00865833333333        4.80732666666667      -6.107865762890077E-002
   6.00865833333333        5.10765958333333      -5.726305826236568E-002
   6.00865833333333        5.40799250000000      -5.350887759204204E-002
   6.00865833333333        5.70832541666667      -4.975858438925074E-002
   6.00865833333333        6.00865833333333      -4.595155770734947E-002
   6.00865833333333        6.30899125000000      -4.208725658902823E-002
   6.00865833333333        6.60932416666667      -3.824319314421592E-002
   6.00865833333333        6.90965708333333      -3.465076275583763E-002
   6.00865833333333        7.20999000000000      -3.175300351689742E-002
   6.30899125000000       2.000000000000000E-003 -8.245690310989914E-002
   6.30899125000000       0.302332916666667      -8.392535735855609E-002
   6.30899125000000       0.602665833333333      -8.560815122562208E-002
   6.30899125000000       0.902998750000000      -8.575176765400770E-002
   6.30899125000000        1.20333166666667      -8.504124581136197E-002
   6.30899125000000        1.50366458333333      -8.391330403256643E-002
   6.30899125000000        1.80399750000000      -8.241255719235539E-002
   6.30899125000000        2.10433041666667      -8.060002746488465E-002
   6.30899125000000        2.40466333333333      -7.858789833458321E-002
   6.30899125000000        2.70499625000000      -7.653610324409965E-002
   6.30899125000000        3.00532916666667      -7.477671926974566E-002
   6.30899125000000        3.30566208333333      -7.335018694245578E-002
   6.30899125000000        3.60599500000000      -7.155375792128897E-002
   6.30899125000000        3.90632791666667      -6.863977765651191E-002
   6.30899125000000        4.20666083333333      -6.480415347326667E-002
   6.30899125000000        4.50699375000000      -6.078569063369561E-002
   6.30899125000000        4.80732666666667      -5.696953798493640E-002
   6.30899125000000        5.10765958333333      -5.330103900927364E-002
   6.30899125000000        5.40799250000000      -4.968354437936797E-002
   6.30899125000000        5.70832541666667      -4.598988811107242E-002
   6.30899125000000        6.00865833333333      -4.208732771845673E-002
   6.30899125000000        6.30899125000000      -3.792321953376836E-002
   6.30899125000000        6.60932416666667      -3.354271892577948E-002
   6.30899125000000        6.90965708333333      -2.922949198097855E-002
   6.30899125000000        7.20999000000000      -2.595319808173529E-002
   6.60932416666667       2.000000000000000E-003 -7.277754030598170E-002
   6.60932416666667       0.302332916666667      -7.606057086660785E-002
   6.60932416666667       0.602665833333333      -7.791773284881404E-002
   6.60932416666667       0.902998750000000      -7.758016049413140E-002
   6.60932416666667        1.20333166666667      -7.713805231414238E-002
   6.60932416666667        1.50366458333333      -7.654431935155485E-002
   6.60932416666667        1.80399750000000      -7.550376264922778E-002
   6.60932416666667        2.10433041666667      -7.399523207002363E-002
   6.60932416666667        2.40466333333333      -7.219030995432488E-002
   6.60932416666667        2.70499625000000      -7.025909257037316E-002
   6.60932416666667        3.00532916666667      -6.891453891243572E-002
   6.60932416666667        3.30566208333333      -6.831990899806478E-002
   6.60932416666667        3.60599500000000      -6.743802215309971E-002
   6.60932416666667        3.90632791666667      -6.467128627848111E-002
   6.60932416666667        4.20666083333333      -6.059805905935005E-002
   6.60932416666667        4.50699375000000      -5.655568482952361E-002
   6.60932416666667        4.80732666666667      -5.293665609568751E-002
   6.60932416666667        5.10765958333333      -4.948673681906664E-002
   6.60932416666667        5.40799250000000      -4.603591348876654E-002
   6.60932416666667        5.70832541666667      -4.236241725097472E-002
   6.60932416666667        6.00865833333333      -3.824324569474164E-002
   6.60932416666667        6.30899125000000      -3.354272525761041E-002
   6.60932416666667        6.60932416666667      -2.834866430088676E-002
   6.60932416666667        6.90965708333333      -2.299573104260041E-002
   6.60932416666667        7.20999000000000      -1.888797183168537E-002
   6.90965708333333       2.000000000000000E-003 -6.518945965543943E-002
   6.90965708333333       0.302332916666667      -6.926239565733763E-002
   6.90965708333333       0.602665833333333      -6.886447677067739E-002
   6.90965708333333       0.902998750000000      -6.888033563047337E-002
   6.90965708333333        1.20333166666667      -6.955670696597983E-002
   6.90965708333333        1.50366458333333      -6.980094205716762E-002
   6.90965708333333        1.80399750000000      -6.927572787227061E-002
   6.90965708333333        2.10433041666667      -6.805046513243342E-002
   6.90965708333333        2.40466333333333      -6.630905871612823E-002
   6.90965708333333        2.70499625000000      -6.441192316957849E-002
   6.90965708333333        3.00532916666667      -6.307505750507730E-002
   6.90965708333333        3.30566208333333      -6.280472762975214E-002
   6.90965708333333        3.60599500000000      -6.269627126590302E-002
   6.90965708333333        3.90632791666667      -5.980660338227428E-002
   6.90965708333333        4.20666083333333      -5.578215764832307E-002
   6.90965708333333        4.50699375000000      -5.215143757206413E-002
   6.90965708333333        4.80732666666667      -4.897958323099175E-002
   6.90965708333333        5.10765958333333      -4.590303840821431E-002
   6.90965708333333        5.40799250000000      -4.266084887890307E-002
   6.90965708333333        5.70832541666667      -3.902296137535276E-002
   6.90965708333333        6.00865833333333      -3.465072128095117E-002
   6.90965708333333        6.30899125000000      -2.922949352490133E-002
   6.90965708333333        6.60932416666667      -2.299587440954132E-002
   6.90965708333333        6.90965708333333      -1.759170126865578E-002
   6.90965708333333        7.20999000000000      -1.387925105052281E-002
   7.20999000000000       2.000000000000000E-003 -6.072605925815090E-002
   7.20999000000000       0.302332916666667      -5.801090187379197E-002
   7.20999000000000       0.602665833333333      -5.835493361896252E-002
   7.20999000000000       0.902998750000000      -6.103465308582762E-002
   7.20999000000000        1.20333166666667      -6.307976008409097E-002
   7.20999000000000        1.50366458333333      -6.395857773686886E-002
   7.20999000000000        1.80399750000000      -6.379123462899168E-002
   7.20999000000000        2.10433041666667      -6.280505387610108E-002
   7.20999000000000        2.40466333333333      -6.124098509752798E-002
   7.20999000000000        2.70499625000000      -5.951629719627793E-002
   7.20999000000000        3.00532916666667      -5.822812686436200E-002
   7.20999000000000        3.30566208333333      -5.795933099630271E-002
   7.20999000000000        3.60599500000000      -5.832156599676590E-002
   7.20999000000000        3.90632791666667      -5.438805347135898E-002
   7.20999000000000        4.20666083333333      -5.090335881566679E-002
   7.20999000000000        4.50699375000000      -4.798051785771130E-002
   7.20999000000000        4.80732666666667      -4.534064446427326E-002
   7.20999000000000        5.10765958333333      -4.265245183802152E-002
   7.20999000000000        5.40799250000000      -3.965635387037044E-002
   7.20999000000000        5.70832541666667      -3.615497093869677E-002
   7.20999000000000        6.00865833333333      -3.175283075184912E-002
   7.20999000000000        6.30899125000000      -2.595315705315471E-002
   7.20999000000000        6.60932416666667      -1.888822997612820E-002
   7.20999000000000        6.90965708333333      -1.387948175380111E-002
   7.20999000000000        7.20999000000000      -1.175622731123919E-002
